[ 6.70794415e-02  6.95036840e-01 -7.15838068e-01 -4.82573501e+02],[-1.07366333e-01  7.18316344e-01  6.87382063e-01  3.87768563e+02],[ 9.91954041e-01  3.07477037e-02  1.22807816e-01 -8.40176125e+02],[0. 0. 0. 1.]
[ 1.35214733e-01  6.82013560e-01 -7.18731160e-01 -4.71865003e+02],[-1.13930835e-01  7.31283591e-01  6.72490947e-01  3.85890617e+02],[ 9.84244249e-01 -9.04504267e-03  1.76582690e-01 -8.41754430e+02],[0. 0. 0. 1.]
[ 1.35899945e-01  6.01732152e-01 -7.87051220e-01 -4.76961540e+02],[-9.19699912e-03  7.95153420e-01  6.06338564e-01  3.82393849e+02],[ 9.90679878e-01 -7.51628683e-02  1.13595436e-01 -8.39217845e+02],[0. 0. 0. 1.]
[ 8.26803508e-02  6.38801842e-01 -7.64915790e-01 -4.79146961e+02],[-5.35768492e-02  7.69282986e-01  6.36657842e-01  3.87797799e+02],[ 9.95134906e-01 -1.16573158e-02  9.78295771e-02 -8.42228242e+02],[0. 0. 0. 1.]
[ 5.16005176e-02  6.69736775e-01 -7.40803643e-01 -4.82229351e+02],[-1.66300039e-01  7.37197245e-01  6.54892753e-01  3.90739698e+02],[ 9.84724166e-01  8.94028701e-02  1.49417012e-01 -8.32939413e+02],[0. 0. 0. 1.]
[ 1.43498107e-01  6.97879879e-01 -7.01692218e-01 -4.76055514e+02],[-1.08955254e-01  7.15860810e-01  6.89689824e-01  3.90537664e+02],[ 9.83634610e-01 -2.25161307e-02  1.78762350e-01 -8.42918146e+02],[0. 0. 0. 1.]
[ 1.11126158e-01  5.71922794e-01 -8.12745529e-01 -4.79175781e+02],[-1.17777630e-01  8.19626427e-01  5.60661172e-01  3.81507803e+02],[ 9.86802618e-01  3.34191201e-02  1.58441646e-01 -8.42698311e+02],[0. 0. 0. 1.]
[ 1.39456971e-01  5.96000013e-01 -7.90781726e-01 -4.71335502e+02],[-2.87639441e-02  8.00686585e-01  5.98392537e-01  3.79685239e+02],[ 9.89810279e-01 -6.07040093e-02  1.28804637e-01 -8.43939486e+02],[0. 0. 0. 1.]
[ 1.06067203e-01  5.97772828e-01 -7.94617766e-01 -4.76313123e+02],[-1.03879384e-01  8.01414307e-01  5.89019679e-01  3.85791922e+02],[ 9.88918006e-01  2.00687341e-02  1.47100047e-01 -8.38296401e+02],[0. 0. 0. 1.]
[ 9.35663716e-02  6.07998837e-01 -7.88405193e-01 -4.73988777e+02],[-1.93817427e-02  7.92841400e-01  6.09119744e-01  3.77515769e+02],[ 9.95424373e-01 -4.17124577e-02  8.59673701e-02 -8.35023272e+02],[0. 0. 0. 1.]
[ 1.28945082e-01  6.70422204e-01 -7.30689561e-01 -4.78394806e+02],[-4.12969256e-02  7.39832069e-01  6.71522951e-01  3.78360423e+02],[ 9.90791466e-01 -5.64143497e-02  1.23084083e-01 -8.33252747e+02],[0. 0. 0. 1.]
[ 1.14287755e-01  5.78722704e-01 -8.07476527e-01 -4.76611784e+02],[1.62821884e-03 8.12692052e-01 5.82691151e-01 3.87538647e+02],[ 9.93446354e-01 -6.79092123e-02  9.19384633e-02 -8.41718392e+02],[0. 0. 0. 1.]
[ 7.57117694e-02  5.77302010e-01 -8.13012987e-01 -4.74292228e+02],[-1.50810018e-01  8.12603487e-01  5.62967061e-01  3.78935970e+02],[ 9.85659204e-01  7.99872707e-02  1.48586574e-01 -8.40391722e+02],[0. 0. 0. 1.]
[ 1.07468459e-01  6.56160945e-01 -7.46929277e-01 -4.80411883e+02],[-1.32327230e-01  7.54036382e-01  6.43365090e-01  3.77803301e+02],[ 9.85362895e-01  2.96976276e-02  1.67863088e-01 -8.40750013e+02],[0. 0. 0. 1.]
[ 9.66706411e-02  6.12191682e-01 -7.84777759e-01 -4.75297985e+02],[-1.16054266e-01  7.90025387e-01  6.01989448e-01  3.82036019e+02],[ 9.88527286e-01  3.28821011e-02  1.47419717e-01 -8.37527148e+02],[0. 0. 0. 1.]
[ 1.19005772e-01  6.85220733e-01 -7.18547266e-01 -4.83072719e+02],[-3.41874143e-03  7.23968622e-01  6.89824432e-01  3.85623946e+02],[ 9.92887677e-01 -7.96365617e-02  8.84990373e-02 -8.38135180e+02],[0. 0. 0. 1.]
[ 7.00903466e-02  6.98708133e-01 -7.11965090e-01 -4.72864965e+02],[-1.54829642e-01  7.12690864e-01  6.84177984e-01  3.87937934e+02],[ 9.85451737e-01  6.22790281e-02  1.58133480e-01 -8.37276941e+02],[0. 0. 0. 1.]
[ 5.31835831e-02  6.30256653e-01 -7.74563140e-01 -4.70134825e+02],[-1.07641874e-01  7.74759591e-01  6.23025524e-01  3.84776022e+02],[ 9.92766203e-01  5.02406979e-02  1.09046498e-01 -8.32777867e+02],[0. 0. 0. 1.]
[ 7.57273764e-02  6.36593078e-01 -7.67472877e-01 -4.82673187e+02],[-1.64703800e-01  7.67096180e-01  6.20029119e-01  3.87700473e+02],[ 9.83431758e-01  7.94525205e-02  1.62939480e-01 -8.34270091e+02],[0. 0. 0. 1.]
[ 8.23062745e-02  6.01396481e-01 -7.94699912e-01 -4.79428174e+02],[-1.22613053e-01  7.97458050e-01  5.90784816e-01  3.89731173e+02],[ 9.89035751e-01  4.88152853e-02  1.39374860e-01 -8.39225007e+02],[0. 0. 0. 1.]
[ 7.99853904e-02  7.04894267e-01 -7.04788202e-01 -4.78025442e+02],[-1.57575488e-01  7.07104586e-01  6.89327985e-01  3.83535728e+02],[ 9.84262314e-01  5.59211768e-02  1.67632094e-01 -8.36130415e+02],[0. 0. 0. 1.]
[ 1.09054759e-01  6.07814775e-01 -7.86554676e-01 -4.71372443e+02],[-5.16600931e-02  7.93670253e-01  6.06150777e-01  3.90523414e+02],[ 9.92692447e-01 -2.54701391e-02  1.17953286e-01 -8.41275353e+02],[0. 0. 0. 1.]
[ 1.02170118e-01  6.72597145e-01 -7.32921788e-01 -4.72371420e+02],[-7.70046043e-02  7.39914116e-01  6.68279427e-01  3.86601020e+02],[ 9.91782011e-01 -1.18398354e-02  1.27390189e-01 -8.43609288e+02],[0. 0. 0. 1.]
[ 1.43036263e-01  6.26318533e-01 -7.66332645e-01 -4.71463878e+02],[-4.38636778e-02  7.77545214e-01  6.27295320e-01  3.80126211e+02],[ 9.88744965e-01 -5.61118100e-02  1.38689796e-01 -8.32593812e+02],[0. 0. 0. 1.]
[ 1.12539292e-01  6.86156357e-01 -7.18696293e-01 -4.78555035e+02],[-7.65691908e-02  7.27128980e-01  6.82217418e-01  3.78986351e+02],[ 9.90692721e-01 -2.17462713e-02  1.34369017e-01 -8.35726235e+02],[0. 0. 0. 1.]
[ 4.71431277e-02  6.37603226e-01 -7.68921096e-01 -4.75810259e+02],[-7.78589957e-02  7.69780560e-01  6.33542316e-01  3.82226543e+02],[ 9.95849136e-01  3.00002580e-02  8.59330100e-02 -8.34440050e+02],[0. 0. 0. 1.]
[ 1.11218909e-01  6.72581363e-01 -7.31617841e-01 -4.76370681e+02],[-7.23635493e-02  7.39711800e-01  6.69021651e-01  3.83649498e+02],[ 9.91157844e-01 -2.14653946e-02  1.30940314e-01 -8.34318576e+02],[0. 0. 0. 1.]
[ 1.38566867e-01  6.33891212e-01 -7.60908112e-01 -4.74253585e+02],[4.41970199e-02 7.63596451e-01 6.44179388e-01 3.88037735e+02],[ 9.89366387e-01 -1.22891790e-01  7.77930651e-02 -8.31466219e+02],[0. 0. 0. 1.]
[ 5.42895110e-02  5.88014583e-01 -8.07026331e-01 -4.82461533e+02],[-1.13912419e-01  8.06588979e-01  5.80032912e-01  3.78358676e+02],[ 9.92006356e-01  6.04406180e-02  1.10771485e-01 -8.31337720e+02],[0. 0. 0. 1.]
[ 1.24270361e-01  6.66496190e-01 -7.35078027e-01 -4.79046161e+02],[-7.34326384e-02  7.44966589e-01  6.63047833e-01  3.90624856e+02],[ 9.89527425e-01 -2.84184745e-02  1.41519841e-01 -8.39049254e+02],[0. 0. 0. 1.]
[ 5.92313907e-02  6.31916903e-01 -7.72769480e-01 -4.69786075e+02],[-1.82883594e-01  7.67895570e-01  6.13913662e-01  3.88593345e+02],[ 9.81348681e-01  1.04963900e-01  1.61050757e-01 -8.41178739e+02],[0. 0. 0. 1.]
[ 1.21864358e-01  6.35904515e-01 -7.62085642e-01 -4.78338694e+02],[-8.77465201e-02  7.71704346e-01  6.29899159e-01  3.84537884e+02],[ 9.88660521e-01 -9.89189324e-03  1.49841663e-01 -8.42579214e+02],[0. 0. 0. 1.]
[ 1.03704121e-01  6.43782799e-01 -7.58148510e-01 -4.77800271e+02],[-1.08295474e-01  7.65035272e-01  6.34817394e-01  3.77821759e+02],[ 9.88694870e-01  1.62708722e-02  1.49056074e-01 -8.39688759e+02],[0. 0. 0. 1.]
[ 1.23314378e-01  7.02140056e-01 -7.01279478e-01 -4.70231106e+02],[-1.11701773e-03  7.06770812e-01  7.07441709e-01  3.87759276e+02],[ 9.92367027e-01 -8.64543927e-02  8.79393059e-02 -8.41922370e+02],[0. 0. 0. 1.]
[ 1.11778364e-01  6.53094768e-01 -7.48981188e-01 -4.81526017e+02],[-1.26758996e-01  7.56918293e-01  6.41098163e-01  3.84633046e+02],[ 9.85615419e-01  2.32791993e-02  1.67392726e-01 -8.35449923e+02],[0. 0. 0. 1.]
[ 1.51721412e-01  6.72593566e-01 -7.24291728e-01 -4.74772025e+02],[-7.94897460e-03  7.33581429e-01  6.79555075e-01  3.84554278e+02],[ 9.88391333e-01 -9.73456789e-02  1.16646439e-01 -8.37391441e+02],[0. 0. 0. 1.]
[ 1.13107830e-01  5.95458848e-01 -7.95383794e-01 -4.76937187e+02],[1.97888064e-02 7.99012105e-01 6.00989233e-01 3.82542660e+02],[ 9.93385636e-01 -8.37162841e-02  7.85911057e-02 -8.43105625e+02],[0. 0. 0. 1.]
[ 1.50243503e-01  6.35899903e-01 -7.57006079e-01 -4.72366277e+02],[-1.03585008e-01  7.71608163e-01  6.27607353e-01  3.87249265e+02],[ 9.83207524e-01 -1.58794461e-02  1.81798810e-01 -8.39070796e+02],[0. 0. 0. 1.]
[ 1.34091700e-01  6.44862617e-01 -7.52443766e-01 -4.73457847e+02],[2.43044367e-02 7.56932564e-01 6.53040878e-01 3.88289691e+02],[ 9.90670839e-01 -1.05855084e-01  8.58253518e-02 -8.33137683e+02],[0. 0. 0. 1.]
[ 7.06273955e-02  6.29380987e-01 -7.73880704e-01 -4.75624965e+02],[-1.56910199e-01  7.73169331e-01  6.14482201e-01  3.77507829e+02],[ 9.85084240e-01  7.80304979e-02  1.53363232e-01 -8.41985946e+02],[0. 0. 0. 1.]
[ 7.79631433e-02  6.15591570e-01 -7.84199444e-01 -4.74500968e+02],[-5.02008033e-02  7.88019838e-01  6.13599718e-01  3.83824696e+02],[ 9.95691532e-01 -8.47072075e-03  9.23396949e-02 -8.42560264e+02],[0. 0. 0. 1.]
[ 1.35278844e-01  6.83028845e-01 -7.17754298e-01 -4.82436839e+02],[-1.06434680e-01  7.30239426e-01  6.74849642e-01  3.84222808e+02],[ 9.85074258e-01 -1.48989299e-02  1.71483902e-01 -8.38594729e+02],[0. 0. 0. 1.]
[ 6.79140842e-02  6.20958781e-01 -7.80895556e-01 -4.81395726e+02],[-5.90791780e-02  7.83832216e-01  6.18155893e-01  3.79964053e+02],[ 9.95940424e-01  4.15317620e-03  8.99189815e-02 -8.37707102e+02],[0. 0. 0. 1.]
[ 6.10939261e-02  6.93698795e-01 -7.17669502e-01 -4.79798923e+02],[-1.21524367e-01  7.18833157e-01  6.84478430e-01  3.89876594e+02],[ 9.90706496e-01  4.53968575e-02  1.28217647e-01 -8.38341370e+02],[0. 0. 0. 1.]
[ 9.99560944e-02  6.48118461e-01 -7.54951151e-01 -4.77315032e+02],[-1.30319172e-02  7.59538780e-01  6.50331462e-01  3.88936892e+02],[ 9.94906502e-01 -5.51661321e-02  8.43667562e-02 -8.42008944e+02],[0. 0. 0. 1.]
[ 5.53173982e-02  6.31949051e-01 -7.73033235e-01 -4.73700156e+02],[-1.05686498e-01  7.73575249e-01  6.24829335e-01  3.81907684e+02],[ 9.92859683e-01  4.71352427e-02  1.09580652e-01 -8.42167454e+02],[0. 0. 0. 1.]
[ 7.02691278e-02  5.91881519e-01 -8.02956111e-01 -4.70650903e+02],[-2.33141495e-02  8.05700472e-01  5.91864173e-01  3.77455030e+02],[ 9.97255584e-01 -2.28695404e-02  7.04150838e-02 -8.40268097e+02],[0. 0. 0. 1.]
[ 1.03270024e-01  6.19553882e-01 -7.78131280e-01 -4.82226743e+02],[-8.01551013e-02  7.84953398e-01  6.14347884e-01  3.91304883e+02],[ 9.91418409e-01 -1.07252933e-03  1.30722561e-01 -8.42507051e+02],[0. 0. 0. 1.]
[ 1.03397804e-01  6.31508534e-01 -7.68443795e-01 -4.77717112e+02],[-4.55418932e-02  7.74780374e-01  6.30588066e-01  3.82917863e+02],[ 9.93596915e-01 -3.02050360e-02  1.08870683e-01 -8.34146371e+02],[0. 0. 0. 1.]
[ 1.29201588e-01  6.44874234e-01 -7.53288904e-01 -4.82539554e+02],[-1.91847373e-02  7.61139477e-01  6.48304437e-01  3.77563647e+02],[ 9.91432749e-01 -6.93103128e-02  1.10712172e-01 -8.30399078e+02],[0. 0. 0. 1.]
[ 9.86730469e-02  6.88586290e-01 -7.18409738e-01 -4.82905638e+02],[-2.11990957e-02  7.23223537e-01  6.90288573e-01  3.85484748e+02],[ 9.94894079e-01 -5.28832399e-02  8.59600767e-02 -8.37177400e+02],[0. 0. 0. 1.]
[ 1.32982964e-01  6.06237819e-01 -7.84086244e-01 -4.76721096e+02],[1.78708006e-02 7.89517370e-01 6.13467975e-01 3.79556362e+02],[ 9.90957197e-01 -9.55930384e-02  9.41584047e-02 -8.42630268e+02],[0. 0. 0. 1.]
[ 1.21223011e-01  6.62588557e-01 -7.39108508e-01 -4.77263750e+02],[1.30218425e-02 7.43474108e-01 6.68637931e-01 3.81999306e+02],[ 9.92539880e-01 -9.06788576e-02  8.14980459e-02 -8.35749506e+02],[0. 0. 0. 1.]
[ 1.11788705e-01  6.48556638e-01 -7.52912726e-01 -4.75235172e+02],[-2.24616804e-04  7.57678222e-01  6.52628272e-01  3.84590261e+02],[ 9.93731973e-01 -7.27873527e-02  8.48455442e-02 -8.32336251e+02],[0. 0. 0. 1.]
[ 1.30356087e-01  6.66063652e-01 -7.34415756e-01 -4.70468534e+02],[1.89141912e-02 7.38930858e-01 6.73515732e-01 3.79379785e+02],[ 9.91286812e-01 -1.01687755e-01  8.37260799e-02 -8.36993926e+02],[0. 0. 0. 1.]
[ 8.35289664e-02  5.76323736e-01 -8.12941488e-01 -4.74061586e+02],[-2.72172352e-02  8.16807493e-01  5.76267942e-01  3.90777100e+02],[ 9.96133592e-01 -2.60090459e-02  8.39130243e-02 -8.31681241e+02],[0. 0. 0. 1.]
[ 5.00121538e-02  5.85568091e-01 -8.09078980e-01 -4.79354635e+02],[-1.08554352e-01  8.08480494e-01  5.78424795e-01  3.78483550e+02],[ 9.92831676e-01  5.89007744e-02  1.03999815e-01 -8.31263035e+02],[0. 0. 0. 1.]
[ 8.95254299e-02  6.07205565e-01 -7.89485022e-01 -4.82601835e+02],[-6.31989181e-03  7.92998320e-01  6.09191040e-01  3.82085749e+02],[ 9.95964485e-01 -4.95486298e-02  7.48309890e-02 -8.41122015e+02],[0. 0. 0. 1.]
[ 1.23671143e-01  5.76349708e-01 -8.07791101e-01 -4.80895941e+02],[-4.69342442e-02  8.16526581e-01  5.75396837e-01  3.89802941e+02],[ 9.91212704e-01 -3.32469197e-02  1.28031313e-01 -8.39298754e+02],[0. 0. 0. 1.]
[ 1.45609695e-01  5.96632973e-01 -7.89193837e-01 -4.75592642e+02],[-2.07873526e-02  7.99364517e-01  6.00486682e-01  3.78821291e+02],[ 9.89123704e-01 -7.10314321e-02  1.28797644e-01 -8.40621268e+02],[0. 0. 0. 1.]
[ 1.12879795e-01  6.84461801e-01 -7.20257034e-01 -4.81370534e+02],[-1.04979237e-01  7.29048353e-01  6.76363703e-01  3.90476105e+02],[ 9.88047323e-01 -7.35761707e-04  1.54149106e-01 -8.43192907e+02],[0. 0. 0. 1.]
[ 4.72127084e-02  6.81502249e-01 -7.30291479e-01 -4.74065058e+02],[-1.83597111e-01  7.24571639e-01  6.64295146e-01  3.83654222e+02],[ 9.81867130e-01  1.02716233e-01  1.59330833e-01 -8.37450870e+02],[0. 0. 0. 1.]
[ 6.78996716e-02  6.54020533e-01 -7.53423372e-01 -4.82568625e+02],[-1.60379876e-01  7.52500356e-01  6.38765614e-01  3.84245588e+02],[ 9.84717183e-01  7.74619718e-02  1.55986259e-01 -8.36657178e+02],[0. 0. 0. 1.]
[ 1.08120267e-01  6.56001959e-01 -7.46974857e-01 -4.77343239e+02],[-4.26164244e-02  7.53747290e-01  6.55781109e-01  3.80497111e+02],[ 9.93223967e-01 -3.90698312e-02  1.09451816e-01 -8.35459107e+02],[0. 0. 0. 1.]
[ 1.31518518e-01  6.63881004e-01 -7.36182648e-01 -4.80068624e+02],[-7.15649930e-02  7.47054169e-01  6.60899780e-01  3.83714955e+02],[ 9.88727127e-01 -3.42356537e-02  1.45762097e-01 -8.41848374e+02],[0. 0. 0. 1.]
[ 7.20916279e-02  5.92457173e-01 -8.02369800e-01 -4.70169449e+02],[-1.85578634e-01  7.98383052e-01  5.72839482e-01  3.82454966e+02],[ 9.79981310e-01  1.07605760e-01  1.67504127e-01 -8.40984932e+02],[0. 0. 0. 1.]
[ 1.29660924e-01  6.22547309e-01 -7.71766087e-01 -4.80987340e+02],[2.86981337e-02 7.75654311e-01 6.30505200e-01 3.85249816e+02],[ 9.91143008e-01 -1.03900133e-01  8.27061090e-02 -8.33375449e+02],[0. 0. 0. 1.]
[ 1.34822073e-01  6.98020708e-01 -7.03271001e-01 -4.74448898e+02],[-1.51909466e-01  7.15921321e-01  6.81454457e-01  3.90654659e+02],[ 9.79156026e-01  1.49584193e-02  2.02557950e-01 -8.35467603e+02],[0. 0. 0. 1.]
[ 8.08755240e-02  6.20682195e-01 -7.79879967e-01 -4.81791409e+02],[-9.59756890e-02  7.83656748e-01  6.13735096e-01  3.87153417e+02],[ 9.92092645e-01  2.52133697e-02  1.22949051e-01 -8.41750922e+02],[0. 0. 0. 1.]
[ 1.19653652e-01  5.86482519e-01 -8.01075064e-01 -4.71020466e+02],[3.89601288e-02 8.03476643e-01 5.94060092e-01 3.78721578e+02],[ 9.92050962e-01 -1.02291447e-01  7.32894800e-02 -8.35168253e+02],[0. 0. 0. 1.]
[ 9.84255272e-02  5.95579713e-01 -7.97243514e-01 -4.77178569e+02],[-4.33320855e-02  8.02938619e-01  5.94484571e-01  3.81242786e+02],[ 9.94200556e-01 -2.39662332e-02  1.04837368e-01 -8.41943859e+02],[0. 0. 0. 1.]
[ 1.25355963e-01  6.51638819e-01 -7.48099413e-01 -4.82435601e+02],[-3.70869500e-02  7.56598311e-01  6.52827354e-01  3.82662219e+02],[ 9.91418398e-01 -5.40910760e-02  1.19011406e-01 -8.38805953e+02],[0. 0. 0. 1.]
[ 1.51972870e-01  6.57067187e-01 -7.38354223e-01 -4.70481245e+02],[-9.40673225e-03  7.47958937e-01  6.63678342e-01  3.82718425e+02],[ 9.88339901e-01 -9.39156018e-02  1.19850321e-01 -8.31557098e+02],[0. 0. 0. 1.]
[ 1.48070093e-01  6.92036181e-01 -7.06513391e-01 -4.80911923e+02],[-4.31595492e-02  7.18229274e-01  6.94466676e-01  3.88529891e+02],[ 9.88034666e-01 -7.23369456e-02  1.36216245e-01 -8.33510306e+02],[0. 0. 0. 1.]
[ 1.04433788e-01  6.65496221e-01 -7.39059107e-01 -4.82579290e+02],[-2.39894840e-02  7.44592059e-01  6.67088577e-01  3.80763750e+02],[ 9.94242470e-01 -5.19369403e-02  9.37254800e-02 -8.32744922e+02],[0. 0. 0. 1.]
[ 6.05537117e-02  6.09123138e-01 -7.90760552e-01 -4.70897380e+02],[-1.98709195e-01  7.83713930e-01  5.88478658e-01  3.85526819e+02],[ 9.78186027e-01  1.21496826e-01  1.68495156e-01 -8.43249558e+02],[0. 0. 0. 1.]
[ 6.13854015e-02  6.48390409e-01 -7.58829170e-01 -4.69749733e+02],[-1.76518741e-01  7.55331529e-01  6.31122345e-01  3.79757061e+02],[ 9.82381273e-01  9.52058715e-02  1.60819388e-01 -8.38455912e+02],[0. 0. 0. 1.]
[ 1.40018631e-01  6.77960067e-01 -7.21640444e-01 -4.72386709e+02],[-4.90243212e-02  7.32673063e-01  6.78812786e-01  3.82486530e+02],[ 9.88934477e-01 -5.96685042e-02  1.35824412e-01 -8.43643716e+02],[0. 0. 0. 1.]
[ 1.60795718e-01  6.90611933e-01 -7.05124028e-01 -4.70793475e+02],[-9.07131593e-02  7.21737247e-01  6.86197106e-01  3.81132727e+02],[ 9.82810185e-01 -4.63735280e-02  1.78699849e-01 -8.34347377e+02],[0. 0. 0. 1.]
[ 7.45814480e-02  6.72861857e-01 -7.35999001e-01 -4.82423423e+02],[-8.62799126e-02  7.39640865e-01  6.67448251e-01  3.81018042e+02],[ 9.93475407e-01  1.37226725e-02  1.13217949e-01 -8.42854961e+02],[0. 0. 0. 1.]
[ 4.16641878e-02  6.03236941e-01 -7.96473031e-01 -4.82050252e+02],[-7.07156886e-02  7.96946479e-01  5.99896325e-01  3.83149886e+02],[ 9.96626001e-01  3.13289456e-02  7.58624434e-02 -8.36398581e+02],[0. 0. 0. 1.]
[ 5.93078243e-02  6.07920947e-01 -7.91779454e-01 -4.82356600e+02],[-1.83211964e-01  7.86331035e-01  5.90014305e-01  3.89335412e+02],[ 9.81282813e-01  1.10071004e-01  1.58013973e-01 -8.43488474e+02],[0. 0. 0. 1.]
[ 1.47775947e-01  6.47413927e-01 -7.47674713e-01 -4.79866072e+02],[-7.21282769e-02  7.61016336e-01  6.44710515e-01  3.91344804e+02],[ 9.86387237e-01 -4.13442182e-02  1.59156761e-01 -8.36487574e+02],[0. 0. 0. 1.]
[ 9.82863898e-02  6.46636887e-01 -7.56439371e-01 -4.75597387e+02],[-1.73291401e-01  7.59627606e-01  6.26846066e-01  3.79965806e+02],[ 9.79954017e-01  6.94740014e-02  1.86717667e-01 -8.42340953e+02],[0. 0. 0. 1.]
[ 6.93256314e-02  6.36143066e-01 -7.68450361e-01 -4.83188580e+02],[-3.95953841e-02  7.71451282e-01  6.35055214e-01  3.90348343e+02],[ 9.96807987e-01 -1.35985165e-02  7.86696762e-02 -8.36271410e+02],[0. 0. 0. 1.]
[ 1.62328029e-01  6.78982635e-01 -7.15983375e-01 -4.79349797e+02],[2.12808474e-02 7.23029432e-01 6.90489367e-01 3.79582553e+02],[ 9.86507342e-01 -1.27322511e-01  1.02918617e-01 -8.35594563e+02],[0. 0. 0. 1.]
[ 1.33811233e-01  6.79248281e-01 -7.21606767e-01 -4.73914092e+02],[-1.08131139e-01  7.33815013e-01  6.70688589e-01  3.82462669e+02],[ 9.85089950e-01 -1.17175056e-02  1.71640582e-01 -8.37966924e+02],[0. 0. 0. 1.]
[ 1.41165427e-01  6.31756566e-01 -7.62204673e-01 -4.76528321e+02],[5.13805078e-03 7.69436672e-01 6.38702441e-01 3.77503633e+02],[ 9.89972688e-01 -9.40789492e-02  1.05371859e-01 -8.42247105e+02],[0. 0. 0. 1.]
[ 1.41776212e-01  5.79090145e-01 -8.02841273e-01 -4.81299759e+02],[8.78097645e-03 8.10266113e-01 5.85996348e-01 3.89299035e+02],[ 9.89859788e-01 -9.01300727e-02  1.09791483e-01 -8.43772707e+02],[0. 0. 0. 1.]
[ 8.31185941e-02  6.19201686e-01 -7.80820448e-01 -4.73645544e+02],[-8.83376486e-02  7.85025350e-01  6.13132661e-01  3.82794714e+02],[ 9.92616622e-01  1.80131175e-02  1.19949024e-01 -8.41480292e+02],[0. 0. 0. 1.]
[ 1.30549894e-01  6.33869140e-01 -7.62342861e-01 -4.78533447e+02],[-1.12255248e-02  7.69819256e-01  6.38163225e-01  3.81981457e+02],[ 9.91378189e-01 -7.47544426e-02  1.07615336e-01 -8.39139953e+02],[0. 0. 0. 1.]
[ 5.10759397e-02  6.50715984e-01 -7.57601450e-01 -4.76234846e+02],[-1.57619720e-01  7.54336483e-01  6.37285253e-01  3.78295904e+02],[ 9.86178114e-01  8.68629856e-02  1.41094116e-01 -8.38357038e+02],[0. 0. 0. 1.]
[ 1.08616041e-01  6.38080340e-01 -7.62270317e-01 -4.78035154e+02],[-2.26876992e-02  7.68198345e-01  6.39809792e-01  3.82719625e+02],[ 9.93824846e-01 -5.21994468e-02  9.79152375e-02 -8.32949782e+02],[0. 0. 0. 1.]
[ 1.01820027e-01  5.79004446e-01 -8.08941613e-01 -4.70728185e+02],[1.26629904e-02 8.12347540e-01 5.83036125e-01 3.78887340e+02],[ 9.94722238e-01 -6.96083742e-02  7.53813210e-02 -8.36141894e+02],[0. 0. 0. 1.]
[ 1.22055084e-01  5.69470184e-01 -8.12899911e-01 -4.74279659e+02],[4.03720070e-02 8.15497082e-01 5.77351376e-01 3.77804293e+02],[ 9.91701900e-01 -1.03287071e-01  7.65449102e-02 -8.42105838e+02],[0. 0. 0. 1.]
[ 1.36405361e-01  6.64077021e-01 -7.35115833e-01 -4.81225561e+02],[-1.12058251e-01  7.47632202e-01  6.54590742e-01  3.86357555e+02],[ 9.84294938e-01 -6.91389206e-03  1.76396350e-01 -8.42997494e+02],[0. 0. 0. 1.]
[ 1.17938217e-01  6.14468517e-01 -7.80076290e-01 -4.78938779e+02],[-8.63371966e-03  7.86163570e-01  6.17958170e-01  3.87882460e+02],[ 9.92983402e-01 -6.61459250e-02  9.80238788e-02 -8.30789586e+02],[0. 0. 0. 1.]
[ 7.77876035e-02  6.66199315e-01 -7.41705846e-01 -4.70903521e+02],[-1.74255236e-01  7.41593280e-01  6.47822908e-01  3.87731969e+02],[ 9.81623248e-01  7.88535356e-02  1.73775483e-01 -8.34667668e+02],[0. 0. 0. 1.]
[ 8.46239267e-02  6.66261242e-01 -7.40901309e-01 -4.72098400e+02],[-1.12167677e-01  7.45211934e-01  6.57326088e-01  3.81591100e+02],[ 9.90079392e-01  2.74796637e-02  1.37795736e-01 -8.32278990e+02],[0. 0. 0. 1.]
[ 1.00853019e-01  6.70156590e-01 -7.35335851e-01 -4.82839811e+02],[-4.47530904e-02  7.41411980e-01  6.69556149e-01  3.79305921e+02],[ 9.93894275e-01 -3.46182069e-02  1.04765215e-01 -8.39313029e+02],[0. 0. 0. 1.]
[ 9.94297830e-02  6.56071642e-01 -7.48120123e-01 -4.22915956e+02],[-8.77387874e-02  7.54697964e-01  6.50179121e-01  3.37439193e+02],[ 9.91168817e-01  9.91983544e-04  1.32602385e-01 -8.15637090e+02],[0. 0. 0. 1.]
[ 9.94312506e-02  6.56072472e-01 -7.48119200e-01 -4.22915476e+02],[-8.77374085e-02  7.54697245e-01  6.50180141e-01  3.07439704e+02],[ 9.91168792e-01  9.89815384e-04  1.32602589e-01 -8.15636890e+02],[0. 0. 0. 1.]
[ 3.76216753e-01  5.46639314e-01 -7.48095191e-01 -4.17886849e+02],[2.50973259e-01 7.17105531e-01 6.50209259e-01 3.07449145e+02],[ 8.91893143e-01 -4.32371504e-01  1.32595264e-01 -8.15641373e+02],[0. 0. 0. 1.]
[ 3.76218463e-01  5.46638443e-01 -7.48094968e-01 -4.12887047e+02],[2.50974497e-01 7.17104967e-01 6.50209403e-01 3.07449210e+02],[ 8.91892073e-01 -4.32373540e-01  1.32595820e-01 -8.20641051e+02],[0. 0. 0. 1.]
[ 3.76219002e-01  5.46637349e-01 -7.48095496e-01 -4.11887446e+02],[2.50975392e-01 7.17105257e-01 6.50208738e-01 3.13449063e+02],[ 8.91891594e-01 -4.32374443e-01  1.32596101e-01 -8.18640707e+02],[0. 0. 0. 1.]
[   0.42475368    0.50988298   -0.74806662 -411.84536821],[  0.31572815   0.69100004   0.6502574  313.43880388],[ 8.48469237e-01 -5.12384912e-01  1.32520397e-01 -8.18690941e+02],[0. 0. 0. 1.]
[   0.42475581    0.50988128   -0.74806656 -410.84561513],[3.15729225e-01 6.90999743e-01 6.50257189e-01 3.23438808e+02],[ 8.48467769e-01 -5.12386997e-01  1.32521737e-01 -8.20690616e+02],[0. 0. 0. 1.]
[ 2.98999375e-01  5.92418573e-01 -7.48090642e-01 -4.10869375e+02],[1.51902487e-01 7.44409038e-01 6.50215978e-01 3.23415760e+02],[ 9.42085457e-01 -3.08051000e-01  1.32587982e-01 -8.20681316e+02],[0. 0. 0. 1.]
[ 2.99000312e-01  5.92418747e-01 -7.48090130e-01 -4.16869251e+02],[1.51903399e-01 7.44408322e-01 6.50216585e-01 3.13415735e+02],[ 9.42085012e-01 -3.08052395e-01  1.32587900e-01 -8.25681400e+02],[0. 0. 0. 1.]
[ 2.98997020e-01  5.92419607e-01 -7.48090764e-01 -4.16868480e+02],[1.51902810e-01 7.44408703e-01 6.50216287e-01 3.26415300e+02],[ 9.42086152e-01 -3.08049821e-01  1.32585781e-01 -8.30682504e+02],[0. 0. 0. 1.]
[-3.72112125e-01  5.49335423e-01 -7.48173215e-01 -4.31868914e+02],[ -0.57642528   0.49501513   0.65014915 326.35533971],[ 7.27507021e-01  6.73194336e-01  1.32449692e-01 -8.30741488e+02],[0. 0. 0. 1.]
[-3.72112409e-01  5.49334698e-01 -7.48173606e-01 -4.41868876e+02],[ -0.5764266    0.49501431   0.65014861 326.35479154],[ 7.27505829e-01  6.73195531e-01  1.32450165e-01 -8.20741701e+02],[0. 0. 0. 1.]
[-4.33434316e-01  5.02355567e-01 -7.48180177e-01 -4.39887236e+02],[ -0.63009076   0.42462961   0.65013485 331.37670193],[ 6.44298322e-01  7.53212171e-01  1.32480555e-01 -8.20721297e+02],[0. 0. 0. 1.]
[-4.28252977e-01  5.41408956e-01 -7.23516226e-01 -4.35980641e+02],[ -0.62321077   0.40283386   0.67032322 339.58127608],[ 6.54375825e-01  7.37971021e-01  1.64897096e-01 -8.18128109e+02],[0. 0. 0. 1.]
[-4.28253372e-01  5.41408081e-01 -7.23516647e-01 -4.41980685e+02],[ -0.62321167   0.40283324   0.67032275 349.58153032],[ 6.54374708e-01  7.37972001e-01  1.64897145e-01 -8.14127876e+02],[0. 0. 0. 1.]
[-4.28253278e-01  5.41407957e-01 -7.23516796e-01 -4.40980309e+02],[ -0.62321138   0.40283378   0.6703227  354.5813671 ],[ 6.54375050e-01  7.37971794e-01  1.64896713e-01 -8.19128355e+02],[0. 0. 0. 1.]
[ 1.03940263e-01  6.82412637e-01 -7.23539504e-01 -4.25991807e+02],[-1.30277982e-01  7.30553478e-01  6.70312809e-01  3.54560797e+02],[ 9.86014234e-01  2.45887773e-02  1.64837262e-01 -8.19132855e+02],[0. 0. 0. 1.]
[ 2.16234789e-01  6.55582438e-01 -7.23501336e-01 -4.25969891e+02],[-6.61731341e-03  7.42000209e-01  6.70366990e-01  3.54585407e+02],[ 9.76318968e-01 -1.40169029e-01  1.64784453e-01 -8.19139694e+02],[0. 0. 0. 1.]
[ 2.16233670e-01  6.55582943e-01 -7.23501213e-01 -4.25968644e+02],[-6.61643411e-03  7.41999763e-01  6.70367492e-01  3.84585385e+02],[ 9.76319222e-01 -1.40169025e-01  1.64782953e-01 -8.19141005e+02],[0. 0. 0. 1.]
[ 3.26694784e-01  6.08135356e-01 -7.23492852e-01 -4.19934073e+02],[1.22393530e-01 7.31827980e-01 6.70408555e-01 3.94595460e+02],[ 9.37171458e-01 -3.07569822e-01  1.64652551e-01 -8.19173992e+02],[0. 0. 0. 1.]
