[1.69636516e-01 4.40802023e-01 8.81428970e-01 4.70350176e+02],[-2.00193277e-01 -8.60330591e-01  4.68779186e-01  4.07625599e+02],[ 9.64959120e-01 -2.55978222e-01 -5.76978827e-02 -8.43734033e+02],[0. 0. 0. 1.]
[2.49265993e-01 4.37505422e-01 8.63976545e-01 4.71744890e+02],[-3.73365703e-01 -7.79753516e-01  5.02575871e-01  4.06261087e+02],[ 8.93568417e-01 -4.47854283e-01 -3.10165153e-02 -8.45545063e+02],[0. 0. 0. 1.]
[2.05990763e-01 3.95708657e-01 8.94976237e-01 4.75887718e+02],[-2.87203063e-01 -8.49863939e-01  4.41866141e-01  4.06570924e+02],[ 9.35458287e-01 -3.48060260e-01 -6.14153828e-02 -8.54239624e+02],[0. 0. 0. 1.]
[1.74454053e-01 3.47625509e-01 9.21261249e-01 4.75288798e+02],[-2.77887302e-01 -8.80195763e-01  3.84751955e-01  4.02138403e+02],[ 9.44639842e-01 -3.23128341e-01 -5.69530036e-02 -8.46355304e+02],[0. 0. 0. 1.]
[1.57447145e-01 4.16097961e-01 8.95585218e-01 4.79276033e+02],[-2.03577903e-01 -8.73740845e-01  4.41738581e-01  3.95501155e+02],[ 9.66315908e-01 -2.51871840e-01 -5.28596512e-02 -8.56516875e+02],[0. 0. 0. 1.]
[2.06901237e-01 4.26010059e-01 8.80742475e-01 4.71353544e+02],[-2.57286561e-01 -8.44843774e-01  4.69087010e-01  3.98764753e+02],[ 9.43925582e-01 -3.23657885e-01 -6.51925587e-02 -8.53791443e+02],[0. 0. 0. 1.]
[1.93620677e-01 3.76795669e-01 9.05834454e-01 4.79431804e+02],[-2.12908825e-01 -8.85164728e-01  4.13706704e-01  4.07296662e+02],[ 9.57695602e-01 -2.72962321e-01 -9.11630710e-02 -8.47135161e+02],[0. 0. 0. 1.]
[1.53623255e-01 3.43207396e-01 9.26611342e-01 4.72967017e+02],[-2.71849546e-01 -8.86876881e-01  3.73560199e-01  4.05194389e+02],[ 9.49998800e-01 -3.09286407e-01 -4.29441381e-02 -8.50219546e+02],[0. 0. 0. 1.]
[1.65482190e-01 3.23896465e-01 9.31507770e-01 4.79149421e+02],[-3.34640462e-01 -8.70051189e-01  3.61976091e-01  4.05348819e+02],[ 9.27702218e-01 -3.71620787e-01 -3.55891133e-02 -8.45939671e+02],[0. 0. 0. 1.]
[1.92327210e-01 3.55289925e-01 9.14756423e-01 4.70314989e+02],[-3.78144378e-01 -8.33341565e-01  4.03173245e-01  4.01105939e+02],[ 9.05547941e-01 -4.23451184e-01 -2.59233701e-02 -8.53742673e+02],[0. 0. 0. 1.]
[1.60546488e-01 3.53791505e-01 9.21442562e-01 4.73702652e+02],[-2.38710479e-01 -8.91921648e-01  3.84048280e-01  4.03480867e+02],[ 9.57727588e-01 -2.81615598e-01 -5.87411480e-02 -8.54289481e+02],[0. 0. 0. 1.]
[2.12525076e-01 4.61921267e-01 8.61081782e-01 4.80833571e+02],[-2.69812068e-01 -8.19213471e-01  5.06054086e-01  4.02079178e+02],[ 9.39166940e-01 -3.39879439e-01 -4.94714728e-02 -8.43914012e+02],[0. 0. 0. 1.]
[2.06518587e-01 4.07468428e-01 8.89561439e-01 4.78814874e+02],[-2.26223063e-01 -8.64641653e-01  4.48573224e-01  4.01612915e+02],[ 9.51931299e-01 -2.93878022e-01 -8.63858162e-02 -8.51517394e+02],[0. 0. 0. 1.]
[1.65190394e-01 3.27735935e-01 9.30215722e-01 4.71958262e+02],[-2.12822289e-01 -9.09107449e-01  3.58092612e-01  3.97084941e+02],[ 9.63025860e-01 -2.57124099e-01 -8.04263057e-02 -8.44848644e+02],[0. 0. 0. 1.]
[1.60728335e-01 4.06976691e-01 8.99186508e-01 4.77340613e+02],[-1.36164803e-01 -8.93176743e-01  4.28595908e-01  3.95138707e+02],[ 9.77561020e-01 -1.91325060e-01 -8.81429096e-02 -8.47466361e+02],[0. 0. 0. 1.]
[2.12263926e-01 4.68180081e-01 8.57759545e-01 4.76216733e+02],[-2.28303793e-01 -8.29711812e-01  5.09367928e-01  4.06175354e+02],[ 9.50169145e-01 -3.03950194e-01 -6.92305981e-02 -8.54500386e+02],[0. 0. 0. 1.]
[1.62830443e-01 4.23851706e-01 8.90974735e-01 4.79305285e+02],[-2.32731330e-01 -8.61045534e-01  4.52146787e-01  4.06039682e+02],[ 9.58813003e-01 -2.80980997e-01 -4.15608544e-02 -8.43496522e+02],[0. 0. 0. 1.]
[1.41427788e-01 3.57508127e-01 9.23139274e-01 4.75759741e+02],[-1.89526026e-01 -9.05484693e-01  3.79706934e-01  4.04889327e+02],[ 9.71636797e-01 -2.28660030e-01 -6.03036029e-02 -8.43167550e+02],[0. 0. 0. 1.]
[1.38448216e-01 3.59779222e-01 9.22708515e-01 4.79583667e+02],[-1.80450432e-01 -9.06921037e-01  3.80699191e-01  4.03136993e+02],[ 9.73791422e-01 -2.19210274e-01 -6.06392833e-02 -8.46323821e+02],[0. 0. 0. 1.]
[1.85890375e-01 4.67353961e-01 8.64306105e-01 4.76446379e+02],[-1.53903729e-01 -8.54930978e-01  4.95385371e-01  4.01087708e+02],[ 9.70442379e-01 -2.25107305e-01 -8.69959227e-02 -8.56638053e+02],[0. 0. 0. 1.]
[1.46275091e-01 3.66183409e-01 9.18974052e-01 4.82950973e+02],[-2.40125231e-01 -8.88039703e-01  3.92078258e-01  4.06829578e+02],[ 9.59657997e-01 -2.78020139e-01 -4.19682130e-02 -8.45881530e+02],[0. 0. 0. 1.]
[1.79927742e-01 4.68892282e-01 8.64734662e-01 4.73100087e+02],[-1.55870295e-01 -8.54384857e-01  4.95712586e-01  3.97833633e+02],[ 9.71252006e-01 -2.23978893e-01 -8.06411595e-02 -8.51677517e+02],[0. 0. 0. 1.]
[2.00069493e-01 4.26939149e-01 8.81870263e-01 4.70793947e+02],[-3.20040224e-01 -8.22220036e-01  4.70668107e-01  4.07279209e+02],[ 9.26038041e-01 -3.76400286e-01 -2.78634447e-02 -8.47022806e+02],[0. 0. 0. 1.]
[1.74909115e-01 3.94614746e-01 9.02045456e-01 4.82314163e+02],[-2.20176372e-01 -8.77290587e-01  4.26478126e-01  3.95036301e+02],[ 9.59650544e-01 -2.73204007e-01 -6.65612772e-02 -8.56503187e+02],[0. 0. 0. 1.]
[1.60552023e-01 3.92655206e-01 9.05563326e-01 4.74343572e+02],[-1.72658481e-01 -8.92146445e-01  4.17449121e-01  4.05020158e+02],[ 9.71808673e-01 -2.23375489e-01 -7.54406649e-02 -8.50227729e+02],[0. 0. 0. 1.]
[2.38485128e-01 4.10892187e-01 8.79938892e-01 4.73020047e+02],[-3.33382630e-01 -8.16381642e-01  4.71568698e-01  4.00844013e+02],[ 9.12129851e-01 -4.05818464e-01 -5.77105619e-02 -8.43741380e+02],[0. 0. 0. 1.]
[1.82185107e-01 3.93078388e-01 9.01275744e-01 4.81111290e+02],[-2.84353142e-01 -8.56387259e-01  4.30980456e-01  4.05998106e+02],[ 9.41250167e-01 -3.34798810e-01 -4.42479298e-02 -8.43933825e+02],[0. 0. 0. 1.]
[1.93466147e-01 3.87689063e-01 9.01259142e-01 4.72865499e+02],[-2.28613541e-01 -8.75513945e-01  4.25689066e-01  4.08176817e+02],[ 9.54099942e-01 -2.88396467e-01 -8.07513400e-02 -8.54602018e+02],[0. 0. 0. 1.]
[1.65029621e-01 3.42538315e-01 9.24896063e-01 4.77928404e+02],[-3.47823344e-01 -8.57292563e-01  3.79563411e-01  3.97126666e+02],[ 9.22921527e-01 -3.84339647e-01 -2.23358446e-02 -8.46262692e+02],[0. 0. 0. 1.]
[2.08006784e-01 4.12612396e-01 8.86839438e-01 4.82692424e+02],[-2.51682307e-01 -8.53564222e-01  4.56162399e-01  3.96011822e+02],[ 9.45192676e-01 -3.18086669e-01 -7.36999089e-02 -8.52061876e+02],[0. 0. 0. 1.]
[1.72572600e-01 4.55152446e-01 8.73530165e-01 4.71690900e+02],[-1.50723865e-01 -8.64189119e-01  4.80061958e-01  3.94982251e+02],[ 9.73396638e-01 -2.14507383e-01 -8.05330278e-02 -8.47356876e+02],[0. 0. 0. 1.]
[2.10221071e-01 3.87176107e-01 8.97720315e-01 4.81913553e+02],[-2.24105698e-01 -8.74705297e-01  4.29729310e-01  4.02481345e+02],[ 9.51621636e-01 -2.91522393e-01 -9.71131128e-02 -8.45735234e+02],[0. 0. 0. 1.]
[2.26350877e-01 4.15545713e-01 8.80958024e-01 4.81624097e+02],[-2.47044965e-01 -8.50366960e-01  4.64591023e-01  4.01393393e+02],[ 9.42196405e-01 -3.22796830e-01 -8.98228312e-02 -8.46349149e+02],[0. 0. 0. 1.]
[2.15505486e-01 4.03099413e-01 8.89420175e-01 4.83683022e+02],[-3.42156970e-01 -8.21908569e-01  4.55406316e-01  3.99830064e+02],[ 9.14596082e-01 -4.02463872e-01 -3.92025316e-02 -8.54467029e+02],[0. 0. 0. 1.]
[2.11085028e-01 4.35613044e-01 8.75033934e-01 4.77081931e+02],[-3.13953336e-01 -8.17557452e-01  4.82735037e-01  4.01215837e+02],[ 9.25676193e-01 -3.76617962e-01 -3.58119694e-02 -8.43143322e+02],[0. 0. 0. 1.]
[2.35655504e-01 4.31600715e-01 8.70739517e-01 4.78781086e+02],[-3.30682131e-01 -8.06899006e-01  4.89452063e-01  3.98362593e+02],[ 9.13846711e-01 -4.03280072e-01 -4.74275480e-02 -8.52607942e+02],[0. 0. 0. 1.]
[1.53520496e-01 4.04893553e-01 9.01383752e-01 4.74866435e+02],[-1.31744761e-01 -8.95666787e-01  4.24763846e-01  4.05516685e+02],[ 9.79323632e-01 -1.83962543e-01 -8.41606050e-02 -8.56408525e+02],[0. 0. 0. 1.]
[2.18926321e-01 3.85428619e-01 8.96390565e-01 4.72988070e+02],[-2.73602475e-01 -8.57571870e-01  4.35559610e-01  3.98226008e+02],[ 9.36596472e-01 -3.40610140e-01 -8.22908309e-02 -8.49529788e+02],[0. 0. 0. 1.]
[1.90120441e-01 3.90012743e-01 9.00968522e-01 4.72667578e+02],[-2.59626051e-01 -8.65062962e-01  4.29255617e-01  4.02172359e+02],[ 9.46809660e-01 -3.15525167e-01 -6.32086834e-02 -8.49209609e+02],[0. 0. 0. 1.]
[2.23573254e-01 4.55812858e-01 8.61539110e-01 4.74683841e+02],[-3.35173874e-01 -7.94053399e-01  5.07087441e-01  4.04468680e+02],[ 9.15245035e-01 -4.02136591e-01 -2.47525407e-02 -8.52725809e+02],[0. 0. 0. 1.]
[2.26026638e-01 4.36429683e-01 8.70885234e-01 4.72131227e+02],[-3.31940496e-01 -8.06007863e-01  4.90068191e-01  4.02918068e+02],[ 9.15820652e-01 -3.99850542e-01 -3.73105619e-02 -8.51385903e+02],[0. 0. 0. 1.]
[1.96898517e-01 3.56459894e-01 9.13327607e-01 4.72434242e+02],[-3.85009106e-01 -8.28617404e-01  4.06400279e-01  3.99160058e+02],[ 9.01664551e-01 -4.31659057e-01 -2.59132333e-02 -8.44183041e+02],[0. 0. 0. 1.]
[1.99579178e-01 4.27265564e-01 8.81823276e-01 4.79939507e+02],[-3.28003486e-01 -8.18882348e-01  4.71004685e-01  4.06903592e+02],[ 9.23353597e-01 -3.83243836e-01 -2.32872713e-02 -8.50730512e+02],[0. 0. 0. 1.]
[1.84215797e-01 3.69784843e-01 9.10672120e-01 4.82474994e+02],[-3.09124603e-01 -8.57714957e-01  4.10812649e-01  4.07882901e+02],[ 9.33009389e-01 -3.57189338e-01 -4.36950520e-02 -8.45095975e+02],[0. 0. 0. 1.]
[1.96750530e-01 4.16175116e-01 8.87742925e-01 4.70185758e+02],[-2.51604246e-01 -8.53688260e-01  4.55973309e-01  4.04598714e+02],[ 9.47620458e-01 -3.13072880e-01 -6.32521917e-02 -8.48775979e+02],[0. 0. 0. 1.]
[1.53188305e-01 4.00856035e-01 9.03242925e-01 4.81341381e+02],[-1.45791374e-01 -8.94861474e-01  4.21862320e-01  4.04669558e+02],[ 9.77383353e-01 -1.96309401e-01 -7.86409599e-02 -8.53213011e+02],[0. 0. 0. 1.]
[1.71022874e-01 4.27716390e-01 8.87586540e-01 4.70310710e+02],[-1.82273133e-01 -8.71574025e-01  4.55121109e-01  4.07543211e+02],[ 9.68260131e-01 -2.39619300e-01 -7.10978884e-02 -8.43017269e+02],[0. 0. 0. 1.]
[2.13972334e-01 3.88690925e-01 8.96178110e-01 4.73700700e+02],[-2.44984942e-01 -8.66752805e-01  4.34421400e-01  3.98690724e+02],[ 9.45620547e-01 -3.12504303e-01 -9.02376968e-02 -8.56255158e+02],[0. 0. 0. 1.]
[1.41377473e-01 3.38160110e-01 9.30408593e-01 4.80674677e+02],[-3.07510797e-01 -8.78353549e-01  3.65967419e-01  4.08171874e+02],[ 9.40983273e-01 -3.37850237e-01 -2.01915207e-02 -8.56564458e+02],[0. 0. 0. 1.]
[1.86626453e-01 3.89461395e-01 9.01937020e-01 4.79277347e+02],[-3.21937816e-01 -8.43130112e-01  4.30682779e-01  3.98604320e+02],[ 9.28184577e-01 -3.70744434e-01 -3.19680315e-02 -8.48097429e+02],[0. 0. 0. 1.]
[1.68701094e-01 3.62887526e-01 9.16434713e-01 4.76817384e+02],[-2.45184418e-01 -8.85086541e-01  3.95608918e-01  4.06224066e+02],[ 9.54685572e-01 -2.91435169e-01 -6.03407012e-02 -8.54502036e+02],[0. 0. 0. 1.]
[1.54410957e-01 4.03017715e-01 9.02072047e-01 4.74495984e+02],[-2.16139231e-01 -8.77128054e-01  4.28870855e-01  3.99693550e+02],[ 9.64075251e-01 -2.61195518e-01 -4.83302428e-02 -8.55571850e+02],[0. 0. 0. 1.]
[1.77401361e-01 4.35518928e-01 8.82525932e-01 4.73832731e+02],[-2.60820043e-01 -8.43877402e-01  4.68875075e-01  4.00647689e+02],[ 9.48947661e-01 -3.13359528e-01 -3.61129337e-02 -8.54010531e+02],[0. 0. 0. 1.]
[2.00419723e-01 4.65703825e-01 8.61946566e-01 4.77911538e+02],[-2.04546822e-01 -8.40517964e-01  5.01687303e-01  3.97612642e+02],[ 9.58119268e-01 -2.76856461e-01 -7.31981401e-02 -8.50187231e+02],[0. 0. 0. 1.]
[1.36802936e-01 3.53529582e-01 9.25365761e-01 4.80932869e+02],[-2.73783670e-01 -8.84267468e-01  3.78303512e-01  3.95544611e+02],[ 9.52012321e-01 -3.05103065e-01 -2.41797592e-02 -8.51234229e+02],[0. 0. 0. 1.]
[2.12404322e-01 3.73264340e-01 9.03082575e-01 4.84039769e+02],[-3.63873473e-01 -8.27496015e-01  4.27605473e-01  3.98484381e+02],[ 9.06907107e-01 -4.19433043e-01 -3.99427382e-02 -8.45880961e+02],[0. 0. 0. 1.]
[1.98636665e-01 4.68627794e-01 8.60773760e-01 4.72064840e+02],[-2.08750465e-01 -8.37891400e-01  5.04342389e-01  4.01399277e+02],[ 9.57583792e-01 -2.79867813e-01 -6.86096838e-02 -8.49214106e+02],[0. 0. 0. 1.]
[1.71771452e-01 4.12790940e-01 8.94482089e-01 4.79469218e+02],[-2.11423010e-01 -8.71374052e-01  4.42727425e-01  4.08736913e+02],[ 9.62182352e-01 -2.65162029e-01 -6.24036831e-02 -8.54688342e+02],[0. 0. 0. 1.]
[1.67283920e-01 4.06647201e-01 8.98139268e-01 4.79648237e+02],[-1.90997970e-01 -8.80351095e-01  4.34167853e-01  4.00364550e+02],[ 9.67231030e-01 -2.44172077e-01 -6.95997922e-02 -8.48341397e+02],[0. 0. 0. 1.]
[1.42274552e-01 3.35586506e-01 9.31203334e-01 4.72374029e+02],[-2.99067258e-01 -8.82230838e-01  3.63631027e-01  3.99629933e+02],[ 9.43565963e-01 -3.30227869e-01 -2.51560612e-02 -8.55882096e+02],[0. 0. 0. 1.]
[2.05945746e-01 4.26113874e-01 8.80916180e-01 4.73124104e+02],[-3.15049075e-01 -8.23411009e-01  4.71951682e-01  4.04129032e+02],[ 9.26461240e-01 -3.74728269e-01 -3.53312127e-02 -8.44683004e+02],[0. 0. 0. 1.]
[1.49038384e-01 3.61024691e-01 9.20569787e-01 4.83345320e+02],[-2.34662152e-01 -8.91459557e-01  3.87599706e-01  4.01263473e+02],[ 9.60583799e-01 -2.73790121e-01 -4.81428607e-02 -8.55631055e+02],[0. 0. 0. 1.]
[2.26126038e-01 4.18874006e-01 8.79438220e-01 4.79490475e+02],[-2.33371433e-01 -8.53234793e-01  4.66399144e-01  3.98256070e+02],[ 9.45729765e-01 -3.10700748e-01 -9.51853758e-02 -8.43033601e+02],[0. 0. 0. 1.]
[1.70559566e-01 4.20854239e-01 8.90949574e-01 4.83969141e+02],[-2.46661297e-01 -8.57173447e-01  4.52119327e-01  3.95656914e+02],[ 9.53974653e-01 -2.96876054e-01 -4.23906787e-02 -8.50075240e+02],[0. 0. 0. 1.]
[1.40295420e-01 3.70868751e-01 9.18026996e-01 4.78368118e+02],[-2.44552813e-01 -8.85489671e-01  3.95097410e-01  4.04969447e+02],[ 9.59432706e-01 -2.79936441e-01 -3.35331489e-02 -8.52608007e+02],[0. 0. 0. 1.]
[1.64519357e-01 3.88296537e-01 9.06729938e-01 4.83011733e+02],[-1.53137119e-01 -8.98054791e-01  4.12367089e-01  4.07573033e+02],[ 9.74413877e-01 -2.06696379e-01 -8.82847843e-02 -8.54056890e+02],[0. 0. 0. 1.]
[1.95926013e-01 3.85300603e-01 9.01751874e-01 4.71292886e+02],[-3.48479009e-01 -8.32194131e-01  4.31294921e-01  3.97405259e+02],[ 9.16610810e-01 -3.98743494e-01 -2.87793059e-02 -8.52051999e+02],[0. 0. 0. 1.]
[1.56188064e-01 3.72946750e-01 9.14612492e-01 4.78398830e+02],[-2.95857217e-01 -8.65796706e-01  4.03564828e-01  3.97495915e+02],[ 9.42376674e-01 -3.33626716e-01 -2.48881234e-02 -8.55759191e+02],[0. 0. 0. 1.]
[1.92647837e-01 4.13300946e-01 8.89982662e-01 4.77349747e+02],[-2.45619544e-01 -8.57789319e-01  4.51518021e-01  4.00795849e+02],[ 9.50030447e-01 -3.05581106e-01 -6.37364667e-02 -8.56479015e+02],[0. 0. 0. 1.]
[2.22814919e-01 4.17214907e-01 8.81070504e-01 4.78036136e+02],[-2.94700368e-01 -8.32678301e-01  4.68826769e-01  4.02952877e+02],[ 9.29249808e-01 -3.64113401e-01 -6.25797613e-02 -8.56511517e+02],[0. 0. 0. 1.]
[1.53500950e-01 3.47185117e-01 9.25148611e-01 4.82670316e+02],[-2.41831238e-01 -8.94575136e-01  3.75836373e-01  4.08355399e+02],[ 9.58099739e-01 -2.81421074e-01 -5.33579264e-02 -8.55962907e+02],[0. 0. 0. 1.]
[2.08093157e-01 3.92006214e-01 8.96118500e-01 4.72462418e+02],[-2.98955567e-01 -8.46840235e-01  4.39871783e-01  3.98575261e+02],[ 9.31301674e-01 -3.59433922e-01 -5.90292180e-02 -8.44809405e+02],[0. 0. 0. 1.]
[1.85737110e-01 4.20951673e-01 8.87863399e-01 4.73426519e+02],[-2.99606747e-01 -8.36295705e-01  4.59178932e-01  4.08617623e+02],[ 9.35808486e-01 -3.51296432e-01 -2.92111863e-02 -8.52693658e+02],[0. 0. 0. 1.]
[1.87794141e-01 4.16719716e-01 8.89425679e-01 4.76432758e+02],[-2.35259752e-01 -8.60093599e-01  4.52649809e-01  4.07149924e+02],[ 9.53617434e-01 -2.94251047e-01 -6.34831612e-02 -8.46640219e+02],[0. 0. 0. 1.]
[2.10449837e-01 3.92229194e-01 8.95470337e-01 4.74283990e+02],[-2.53888842e-01 -8.62626530e-01  4.37511058e-01  4.06830880e+02],[ 9.44061080e-01 -3.19424058e-01 -8.19569970e-02 -8.45586278e+02],[0. 0. 0. 1.]
[1.75165351e-01 4.39517503e-01 8.80988913e-01 4.78948084e+02],[-2.01572247e-01 -8.59858672e-01  4.69054041e-01  3.99082846e+02],[ 9.63683418e-01 -2.59744930e-01 -6.20229155e-02 -8.43668065e+02],[0. 0. 0. 1.]
[2.39107566e-01 4.43532722e-01 8.63774448e-01 4.81804904e+02],[-3.58542315e-01 -7.86380925e-01  5.03043188e-01  3.95231363e+02],[ 9.02371864e-01 -4.29981123e-01 -2.90043797e-02 -8.52286997e+02],[0. 0. 0. 1.]
[1.47693089e-01 3.43707488e-01 9.27389839e-01 4.70989523e+02],[-2.72671761e-01 -8.87183281e-01  3.72231027e-01  4.03736647e+02],[ 9.50703351e-01 -3.07848971e-01 -3.73115135e-02 -8.55425451e+02],[0. 0. 0. 1.]
[2.48025792e-01 4.36698430e-01 8.64741399e-01 4.70646465e+02],[-3.70040614e-01 -7.82239510e-01  5.01169925e-01  3.99209571e+02],[ 8.95295008e-01 -4.44292505e-01 -3.24194189e-02 -8.55373330e+02],[0. 0. 0. 1.]
[1.71061658e-01 3.47928384e-01 9.21782918e-01 4.75390843e+02],[-2.46511561e-01 -8.90702485e-01  3.81943889e-01  4.03562968e+02],[ 9.53923456e-01 -2.92566101e-01 -6.65966752e-02 -8.49110844e+02],[0. 0. 0. 1.]
[1.57954324e-01 4.08569995e-01 8.98955500e-01 4.71068619e+02],[-2.00928273e-01 -8.78038730e-01  4.34368297e-01  3.98052287e+02],[ 9.66787599e-01 -2.49235926e-01 -5.65967502e-02 -8.55336952e+02],[0. 0. 0. 1.]
[1.35016730e-01 3.56546516e-01 9.24470153e-01 4.73961948e+02],[-2.75453155e-01 -8.82728962e-01  3.80677212e-01  4.07829340e+02],[ 9.51785712e-01 -3.06046013e-01 -2.09713156e-02 -8.53947024e+02],[0. 0. 0. 1.]
[1.98474460e-01 4.14078154e-01 8.88339559e-01 4.79819231e+02],[-2.99336138e-01 -8.37455296e-01  4.57237908e-01  4.06823200e+02],[ 9.33276896e-01 -3.56662180e-01 -4.22649320e-02 -8.49496240e+02],[0. 0. 0. 1.]
[2.04574029e-01 4.18939170e-01 8.84669113e-01 4.73725116e+02],[-2.09758997e-01 -8.64025710e-01  4.57668806e-01  4.07319685e+02],[ 9.56112247e-01 -2.79194458e-01 -8.88809602e-02 -8.55909284e+02],[0. 0. 0. 1.]
[1.74304004e-01 4.29140885e-01 8.86259677e-01 4.81158224e+02],[-1.90284815e-01 -8.68393200e-01  4.57913681e-01  4.01091294e+02],[ 9.66131359e-01 -2.48457947e-01 -6.97054177e-02 -8.47436485e+02],[0. 0. 0. 1.]
[1.81486719e-01 3.75367514e-01 9.08934431e-01 4.76680764e+02],[-3.37012571e-01 -8.44571623e-01  4.16078479e-01  4.03442770e+02],[ 9.23842572e-01 -3.81835048e-01 -2.67749618e-02 -8.47404518e+02],[0. 0. 0. 1.]
[1.91467182e-01 3.73756876e-01 9.07549511e-01 4.80327637e+02],[-3.03747021e-01 -8.56699684e-01  4.16897348e-01  4.06536030e+02],[ 9.33315630e-01 -3.55487621e-01 -5.05023362e-02 -8.52626961e+02],[0. 0. 0. 1.]
[1.48597804e-01 3.31553223e-01 9.31660428e-01 4.71082393e+02],[-2.00241905e-01 -9.12515166e-01  3.56678079e-01  4.05530931e+02],[ 9.68412036e-01 -2.39559038e-01 -6.92069004e-02 -8.55250519e+02],[0. 0. 0. 1.]
[2.03507878e-01 4.21860263e-01 8.83526153e-01 4.82363132e+02],[-1.90349263e-01 -8.68143669e-01  4.58359823e-01  3.97783375e+02],[ 9.60391432e-01 -2.61458387e-01 -9.63732857e-02 -8.44171192e+02],[0. 0. 0. 1.]
[1.97994981e-01 3.41200184e-01 9.18901748e-01 4.76642002e+02],[-3.25349507e-01 -8.61437426e-01  3.89965716e-01  3.95502751e+02],[ 9.24632730e-01 -3.76175485e-01 -5.95509750e-02 -8.49730274e+02],[0. 0. 0. 1.]
[1.71009196e-01 4.40743480e-01 8.81192964e-01 4.72520901e+02],[-2.49293652e-01 -8.45909942e-01  4.71475393e-01  4.08081736e+02],[ 9.53209594e-01 -3.00302440e-01 -3.47838275e-02 -8.47011052e+02],[0. 0. 0. 1.]
[2.15709789e-01 3.97343606e-01 8.91957031e-01 4.72419343e+02],[-2.25557604e-01 -8.68481164e-01  4.41434292e-01  3.97015940e+02],[ 9.50048975e-01 -2.96409389e-01 -9.77160167e-02 -8.49317810e+02],[0. 0. 0. 1.]
[2.05516511e-01 4.10865925e-01 8.88229787e-01 4.79194632e+02],[-2.00948747e-01 -8.70548626e-01  4.49182247e-01  4.02895834e+02],[ 9.57800900e-01 -2.70803031e-01 -9.63491236e-02 -8.51790233e+02],[0. 0. 0. 1.]
[2.22771081e-01 3.87818069e-01 8.94410527e-01 4.81239376e+02],[-2.80161126e-01 -8.53294826e-01  4.39770035e-01  4.08036582e+02],[ 9.33746641e-01 -3.48547106e-01 -8.14378636e-02 -8.54179552e+02],[0. 0. 0. 1.]
[1.88849641e-01 4.03064550e-01 8.95474613e-01 4.81267587e+02],[-1.99270820e-01 -8.77181988e-01  4.36855697e-01  4.08070192e+02],[ 9.61575246e-01 -2.60942002e-01 -8.53365002e-02 -8.52481155e+02],[0. 0. 0. 1.]
[1.87430075e-01 4.79068403e-01 8.57533342e-01 4.75532875e+02],[-2.45361254e-01 -8.22497425e-01  5.13123612e-01  3.97180506e+02],[ 9.51140274e-01 -3.06580254e-01 -3.66159300e-02 -8.53684950e+02],[0. 0. 0. 1.]
[1.81772742e-01 3.99094836e-01 8.98711289e-01 4.78600055e+02],[-2.20001826e-01 -8.74264632e-01  4.32736119e-01  3.98785887e+02],[ 9.58414246e-01 -2.76377756e-01 -7.11158865e-02 -8.50405570e+02],[0. 0. 0. 1.]
[2.09305478e-01 4.59837726e-01 8.62983477e-01 4.73571542e+02],[-1.85294294e-01 -8.47890883e-01  4.96736424e-01  3.99276654e+02],[ 9.60133971e-01 -2.63875569e-01 -9.22628994e-02 -8.47810217e+02],[0. 0. 0. 1.]
[1.61192191e-01 3.90748114e-01 9.06274235e-01 4.78105134e+02],[-2.34072730e-01 -8.76944853e-01  4.19735251e-01  3.99202341e+02],[ 9.58763284e-01 -2.79792129e-01 -4.98931848e-02 -8.55159890e+02],[0. 0. 0. 1.]
[1.44692339e-01 3.84478570e-01 9.11723837e-01 4.78094180e+02],[-1.55878696e-01 -9.01057467e-01  4.04718759e-01  3.95894581e+02],[ 9.77121261e-01 -2.00678026e-01 -7.04440945e-02 -8.47984324e+02],[0. 0. 0. 1.]
[1.88450501e-01 3.96035412e-01 8.98689246e-01 4.23988871e+02],[-2.60647644e-01 -8.62098728e-01  4.34567128e-01  3.55562853e+02],[ 9.46862828e-01 -3.16135628e-01 -5.92372394e-02 -8.17192268e+02],[0. 0. 0. 1.]
[1.88451959e-01 3.96033588e-01 8.98689744e-01 4.23989172e+02],[-2.60649757e-01 -8.62098669e-01  4.34565977e-01  3.45562283e+02],[ 9.46861956e-01 -3.16138074e-01 -5.92381248e-02 -8.17192416e+02],[0. 0. 0. 1.]
[2.54331087e-01 3.57356864e-01 8.98672226e-01 4.23957164e+02],[ -0.40632942  -0.80375026   0.43460548 345.59097687],[ 8.77617284e-01 -4.75690652e-01 -5.92140678e-02 -8.17199282e+02],[0. 0. 0. 1.]
[3.12524030e-01 3.07762126e-01 8.98671912e-01 4.23956952e+02],[ -0.5397287   -0.7209789    0.43460598 345.59122777],[ 7.81678748e-01 -6.20863832e-01 -5.92151804e-02 -8.17199371e+02],[0. 0. 0. 1.]
[3.12537523e-01 3.07748669e-01 8.98671827e-01 4.23947142e+02],[ -0.53967871  -0.72101993   0.43459999 335.57954511],[ 7.81707868e-01 -6.20822855e-01 -5.92603791e-02 -8.17222157e+02],[0. 0. 0. 1.]
[3.12539175e-01 3.07746472e-01 8.98672005e-01 4.23947415e+02],[ -0.53968102  -0.72101852   0.43459946 325.57932794],[ 7.81705609e-01 -6.20825582e-01 -5.92616029e-02 -8.17222254e+02],[0. 0. 0. 1.]
[3.90715300e-01 1.99523341e-01 8.98627838e-01 4.23918754e+02],[ -0.73144085  -0.52540262   0.43467963 325.58379365],[ 5.58870148e-01 -8.27129088e-01 -5.93433195e-02 -8.17241732e+02],[0. 0. 0. 1.]
[1.01898365e-01 4.26600941e-01 8.98681456e-01 4.24004254e+02],[-7.57619729e-02 -8.97432145e-01  4.34598284e-01  3.35604188e+02],[ 9.91905664e-01 -1.12370735e-01 -5.91267391e-02 -8.17147163e+02],[0. 0. 0. 1.]
[-1.25057925e-01  4.20391789e-01  8.98683069e-01  4.13998030e+02],[  0.38318382  -0.81504677   0.43459052 335.59666469],[ 9.15167022e-01  3.98709797e-01 -5.91592724e-02 -8.17163643e+02],[0. 0. 0. 1.]
[-1.25056697e-01  4.20391614e-01  8.98683322e-01  4.13997996e+02],[  0.38318397  -0.81504705   0.43458987 345.59637219],[ 9.15167127e-01  3.98709413e-01 -5.91602337e-02 -8.17164079e+02],[0. 0. 0. 1.]
[1.88447233e-01 3.96008580e-01 8.98701755e-01 4.24009366e+02],[-2.60691329e-01 -8.62097644e-01  4.34543074e-01  3.50551898e+02],[ 9.46851452e-01 -3.16172194e-01 -5.92239127e-02 -8.17181257e+02],[0. 0. 0. 1.]
[1.88447478e-01 3.96007230e-01 8.98702299e-01 4.24009588e+02],[-2.60690526e-01 -8.62098525e-01  4.34541807e-01  3.35550976e+02],[ 9.46851624e-01 -3.16171483e-01 -5.92249603e-02 -8.27181730e+02],[0. 0. 0. 1.]
[-1.17447625e-01  1.99443487e-01  9.72845492e-01  4.09893514e+02],[-3.55640398e-01 -9.23099811e-01  1.46310104e-01  3.22503110e+02],[ 9.27214087e-01 -3.28799384e-01  1.79346042e-01 -8.08137699e+02],[0. 0. 0. 1.]
[-1.17448188e-01  1.99445123e-01  9.72845088e-01  4.09893426e+02],[-3.55642513e-01 -9.23098845e-01  1.46311058e-01  3.32504082e+02],[ 9.27213204e-01 -3.28801103e-01  1.79347451e-01 -8.08136951e+02],[0. 0. 0. 1.]
[3.06101279e-01 4.89177762e-01 8.16705041e-01 4.25450379e+02],[-1.92728746e-01 -8.08278105e-01  5.56365110e-01  3.75297145e+02],[ 9.32286242e-01 -3.27706610e-01 -1.53136345e-01 -8.24693811e+02],[0. 0. 0. 1.]
[3.06100491e-01 4.89179214e-01 8.16704467e-01 4.33450055e+02],[-1.92727142e-01 -8.08277868e-01  5.56366009e-01  3.75297656e+02],[ 9.32286833e-01 -3.27705026e-01 -1.53136141e-01 -8.27693680e+02],[0. 0. 0. 1.]
[3.06100306e-01 4.89178812e-01 8.16704777e-01 4.33450333e+02],[-1.92729953e-01 -8.08277199e-01  5.56366009e-01  3.85297901e+02],[ 9.32286312e-01 -3.27707279e-01 -1.53134489e-01 -8.27693026e+02],[0. 0. 0. 1.]
[1.86673910e-01 4.28709716e-01 8.83946170e-01 4.28857273e+02],[-2.64557850e-01 -8.44587174e-01  4.65490761e-01  3.78023289e+02],[ 9.46130010e-01 -3.20749878e-01 -4.42438697e-02 -8.18970124e+02],[0. 0. 0. 1.]
[1.86672330e-01 4.28708721e-01 8.83946986e-01 4.23857932e+02],[-2.64559259e-01 -8.44587503e-01  4.65489365e-01  3.78023025e+02],[ 9.46129928e-01 -3.20750344e-01 -4.42422555e-02 -8.23969520e+02],[0. 0. 0. 1.]
[1.86673230e-01 4.28709034e-01 8.83946644e-01 4.23857450e+02],[-2.64559969e-01 -8.44586936e-01  4.65489989e-01  3.88023467e+02],[ 9.46129551e-01 -3.20751417e-01 -4.42425227e-02 -8.28969662e+02],[0. 0. 0. 1.]
[1.86672428e-01 4.28709302e-01 8.83946683e-01 4.23857493e+02],[-2.64557466e-01 -8.44587787e-01  4.65489868e-01  3.98023324e+02],[ 9.46130409e-01 -3.20748819e-01 -4.42430065e-02 -8.33969846e+02],[0. 0. 0. 1.]
[1.86671174e-01 4.28709396e-01 8.83946903e-01 4.23857829e+02],[-2.64559293e-01 -8.44587342e-01  4.65489637e-01  4.08023739e+02],[ 9.46130146e-01 -3.20749865e-01 -4.42410562e-02 -8.28969041e+02],[0. 0. 0. 1.]
[1.86671017e-01 4.28707884e-01 8.83947669e-01 4.23858447e+02],[-2.64560693e-01 -8.44587692e-01  4.65488207e-01  3.98023220e+02],[ 9.46129785e-01 -3.20750965e-01 -4.42407884e-02 -8.23968870e+02],[0. 0. 0. 1.]
[1.59304901e-01 4.13800514e-01 8.96320859e-01 4.24864371e+02],[-2.78390262e-01 -8.52239982e-01  4.42928748e-01  3.96193363e+02],[ 9.47164616e-01 -3.20087719e-01 -2.05679722e-02 -8.22097703e+02],[0. 0. 0. 1.]
[2.14664845e-01 4.83950391e-01 8.48357839e-01 4.23476743e+02],[-2.39565656e-01 -8.15982166e-01  5.26100181e-01  3.92869012e+02],[ 9.46851256e-01 -3.16172616e-01 -5.92247928e-02 -8.17181675e+02],[0. 0. 0. 1.]
[2.14664172e-01 4.83953056e-01 8.48356489e-01 4.28475662e+02],[-2.39562234e-01 -8.15981796e-01  5.26102314e-01  3.82869648e+02],[ 9.46852274e-01 -3.16169493e-01 -5.92251809e-02 -8.17182239e+02],[0. 0. 0. 1.]
[2.26858720e-01 5.25931329e-01 8.19714193e-01 4.28931115e+02],[-2.27915782e-01 -7.89618871e-01  5.69698548e-01  3.84760502e+02],[ 9.46884110e-01 -3.16066884e-01 -5.92638761e-02 -8.17202333e+02],[0. 0. 0. 1.]
[1.31978696e-01 5.57376139e-01 8.19703278e-01 4.28941075e+02],[-8.73216262e-02 -8.17184597e-01  5.69722975e-01  3.84776643e+02],[ 9.87398885e-01 -1.46769118e-01 -5.91799666e-02 -8.17166120e+02],[0. 0. 0. 1.]
[5.11449000e-01 2.57886966e-01 8.19703747e-01 4.28941519e+02],[ -0.68148821  -0.45933689   0.56972225 384.77614893],[ 5.23444113e-01 -8.50002314e-01 -5.91804667e-02 -8.17166160e+02],[0. 0. 0. 1.]
[5.11450544e-01 2.57887142e-01 8.19702729e-01 4.30940660e+02],[ -0.68148605  -0.45933853   0.56972351 374.7760943 ],[ 5.23445416e-01 -8.50001373e-01 -5.91824535e-02 -8.15167022e+02],[0. 0. 0. 1.]
